Frame Number	Computation Time
0	848800
1	210500
2	164900
3	112800
4	395500
5	123300
6	105800
7	129500
8	151600
9	110800
10	102000
11	471300
12	660000
13	94700
14	102000
15	105700
16	98900
17	112700
18	117300
19	106300
20	114300
21	320900
22	133500
23	209000
24	108700
25	121500
26	102500
27	137000
28	106900
29	109200
30	114900
31	111900
32	199600
33	109500
34	95800
35	100000
36	103200
37	387700
38	252500
39	151700
40	154200
41	102700
42	160500
43	149900
44	127300
45	102700
46	156200
47	216000
48	263100
49	73600
50	74900
51	86400
52	72600
53	72500
54	75400
55	84900
56	69700
57	95900
58	75400
59	87800
60	76500
61	70800
62	71200
63	146200
64	112400
65	70600
66	77300
67	84400
68	79700
69	81500
70	140000
71	178000
72	99400
73	77700
74	81000
75	80900
76	91800
77	75000
78	91200
79	83200
80	118600
81	73700
82	72800
83	217600
84	75200
85	77800
86	75900
87	84200
88	90800
89	76600
90	84900
91	102700
92	78700
93	87500
94	68100
95	75100
96	78700
97	177700
98	297300
99	95200
100	135100
101	97700
102	242900
103	1130700
104	123000
105	81700
106	75400
107	168300
108	73300
109	79600
110	77800
111	164100
112	102400
113	77000
114	75100
115	117900
116	76500
117	73000
118	75300
119	79500
120	76300
121	125600
122	270600
123	76600
124	75800
125	76800
126	144200
127	89800
128	133800
129	75300
130	78400
131	66300
132	82500
133	125500
134	234900
135	116300
136	102400
137	71400
138	149600
139	75700
140	68800
141	68700
142	65400
143	101000
144	106700
145	65200
146	63000
147	314000
148	343000
149	282900
150	108000
151	261600
152	333600
153	92200
154	100100
155	122900
156	81500
157	82900
158	110000
159	120200
160	96700
161	170700
162	288200
163	88500
164	181500
165	114800
166	122400
167	91700
168	87000
169	84100
170	80300
171	75800
172	205300
173	103000
174	74600
175	97600
176	275700
177	332900
178	91500
179	122500
180	199300
181	96300
182	97600
183	106200
184	191200
185	99400
186	96100
187	115400
188	171700
189	92400
190	92500
191	100200
192	258200
193	309000
194	187300
195	118900
196	89500
197	120000
198	84700
199	109500
200	129100
201	100500
202	104300
203	250200
204	125800
205	83000
206	142700
207	118100
208	161800
209	95600
210	114500
211	139000
212	106200
213	85800
214	101800
215	106400
216	78700
217	78000
218	189500
219	90400
220	100700
221	103000
222	187100
223	158200
224	84900
225	90500
226	95000
227	131800
228	84800
229	85600
230	183800
231	341600
232	283200
233	125200
234	206500
235	125500
236	96100
237	203500
238	117200
239	105700
240	103700
241	219200
242	101900
243	94600
244	99100
245	260700
246	349300
247	2141300
248	267100
249	399700
250	314400
251	214600
252	390700
253	553600
254	155500
255	339000
256	109700
257	121400
258	84400
259	77400
260	440500
261	123900
262	105200
263	68900
264	80700
265	270800
266	73500
267	89800
268	116500
269	101800
270	75900
271	85100
272	135800
273	76000
274	74600
275	136100
276	73100
277	108700
278	101900
279	76800
280	97800
281	147000
282	71800
283	74000
284	77800
285	80600
286	102500
287	69600
288	71000
289	83500
290	73400
291	84700
292	78300
293	113100
294	108600
295	96000
296	84200
297	324500
298	338300
299	108100
300	104200
301	112400
302	888900
303	967800
304	121000
305	776600
306	111700
307	205200
308	90200
309	110800
310	246700
311	110000
312	98100
313	102300
314	140700
315	92900
316	114400
317	92100
318	231800
319	94500
320	98500
321	251600
322	103100
323	97800
324	130600
325	352100
326	110700
327	109500
328	99900
329	138000
330	100800
331	143900
332	93200
333	147100
334	96600
335	93000
336	90600
337	111600
338	100400
339	91500
340	105800
341	104200
342	93800
343	98800
344	89600
345	223000
346	97800
347	105400
348	95700
349	106800
350	136700
351	99900
352	305600
353	325900
354	118400
355	276900
356	321600
357	5847200
358	130700
359	88900
360	357700
361	84400
362	223500
363	92400
364	79900
365	90000
366	255400
367	91800
368	123400
369	183100
370	85700
371	114900
372	88600
373	99100
374	91300
375	93700
376	84500
377	153700
378	83100
379	250100
380	381500
381	83100
382	327300
383	90000
384	131100
385	73800
386	75000
387	152800
388	112600
389	90500
390	76400
391	84000
392	88200
393	85200
394	153100
395	164900
396	72300
397	71200
398	84900
399	75400
400	85900
401	77000
402	83900
403	74900
404	83800
405	90200
406	88000
407	78700
408	71900
409	114000
410	80700
411	85900
412	82000
413	84100
414	198000
415	77200
416	98600
417	285900
418	80500
419	91600
420	157600
421	85100
422	114100
423	140600
424	164100
425	123400
426	117000
427	171300
428	187400
429	167100
430	139900
431	222000
432	85400
433	216100
434	403600
435	707300
436	577500
437	2548000
438	139300
439	353100
440	158300
441	120900
442	91700
443	120800
444	98700
445	96300
446	96900
447	245000
448	93700
449	97200
450	107000
451	211500
452	96600
453	99000
454	90600
455	142500
456	92100
457	97400
458	209000
459	186200
460	142500
461	113600
462	279900
463	359900
464	344700
465	544000
466	217800
467	104400
468	93100
469	270300
470	510300
471	143400
472	146700
473	96700
474	112200
475	80900
476	120200
477	84800
478	127600
479	87900
480	240900
481	172400
482	75700
483	195700
484	126300
485	80500
486	112700
487	180300
488	76500
489	112400
490	73000
491	212200
492	79600
493	78300
494	127200
495	165900
496	104000
497	87600
498	67000
499	77200
500	242900
501	366000
502	337200
503	150800
504	252500
505	166300
506	2113900
507	3732800
508	148700
509	130500
510	109500
511	95700
512	112300
513	308600
514	1164400
515	161300
516	200300
517	235000
518	106100
519	90500
520	349500
521	98600
522	96200
523	266200
524	99100
525	92500
526	103800
527	110600
528	116700
529	101600
530	96700
531	125100
532	112000
533	106600
534	89600
535	107200
536	98700
537	98500
538	100700
539	167600
540	90100
541	94700
542	112500
543	117100
544	140200
545	96400
546	161500
547	94100
548	106400
549	144100
550	104000
551	97300
552	106700
553	256700
554	1203300
555	369300
556	114500
557	139500
558	100400
559	96300
560	115600
561	272500
562	894100
563	117100
564	96100
565	430300
566	105000
567	100000
568	585100
569	1100600
570	119800
571	516500
572	1396300
573	190900
574	170700
575	100200
576	91000
577	584100
578	643400
579	105600
580	115000
581	95900
582	404100
583	292700
584	471900
585	344500
586	472200
587	1942600
588	77500
589	314200
590	78900
591	226700
592	218700
593	74300
594	71200
595	213600
596	82900
597	76500
598	96700
599	120400
600	178300
601	79500
602	76300
603	86400
604	77100
605	84600
606	95600
607	81400
608	79200
609	74400
610	184600
611	244100
612	477300
613	128100
614	196900
615	248200
616	161900
617	277200
618	605400
619	183200
620	150100
621	201700
622	95300
623	115200
624	290900
625	96800
626	92800
627	88900
628	184600
629	98700
630	97400
631	92800
632	105700
633	93000
634	92000
635	96500
636	98000
637	140700
638	96800
639	112600
640	96000
641	153100
642	94100
643	224300
644	96900
645	93800
646	90700
647	102500
648	237600
649	582000
650	96300
651	126700
652	701100
653	1274800
654	145000
655	83200
656	70300
657	163500
658	75900
659	77500
660	64200
661	62700
662	217400
663	67200
664	68600
665	178900
666	108300
667	69800
668	75100
669	132700
670	70700
671	96500
672	68600
673	195900
674	72900
675	72100
676	64800
677	87400
678	73800
679	79400
680	72100
681	255800
682	579700
683	254200
684	109400
685	301100
686	1199100
687	84700
688	94400
689	241100
690	785800
691	207900
692	169900
693	117500
694	358300
695	101300
696	100900
697	296900
698	562900
699	196000
700	129700
701	81400
702	131700
703	159800
704	89500
705	94400
706	103300
707	79200
708	102200
709	148200
710	90900
711	81300
712	94100
713	100200
714	98700
715	258600
716	2503000
717	84900
718	163800
719	93600
720	297900
721	86400
722	87600
723	210500
724	223500
725	100000
726	93700
727	276300
728	89100
729	86900
730	232300
731	93000
732	83400
733	89600
734	91800
735	92500
736	94500
737	96400
738	83500
739	201400
740	117800
741	112100
742	83300
743	131000
744	97700
745	87700
746	89800
747	93700
748	116400
749	95900
750	127700
751	95700
752	105400
753	176000
754	85200
755	96700
756	265700
757	441700
758	116300
759	135200
760	224300
761	129900
762	229000
763	98400
764	98500
765	118300
766	455600
767	1136800
768	119800
769	273800
770	110000
771	94500
772	84600
773	81100
774	87600
775	70700
776	238000
777	72200
778	141100
779	178800
780	84200
781	75200
782	84700
783	179900
784	77900
785	115400
786	97600
787	92100
788	116300
789	86000
790	86400
791	83500
792	70900
793	69900
794	75200
795	79800
796	71900
797	74400
798	69500
799	79100
800	90700
801	73700
802	144700
803	91400
804	71900
805	70500
806	121800
807	78800
808	264200
809	441900
810	98500
811	112000
812	315100
813	170000
814	198600
815	106700
816	103100
817	92800
818	146000
819	95400
820	93700
821	197400
822	186500
823	96500
824	104700
825	398400
826	126100
827	102000
828	105200
829	246300
830	1234300
831	82000
832	89400
833	123800
834	198400
835	69700
836	186300
837	82200
838	100200
839	114400
840	70100
841	65700
842	72800
843	150900
844	71900
845	86200
846	156400
847	74900
848	113000
849	69600
850	98000
851	73900
852	66700
853	83900
854	84700
855	69400
856	65700
857	71400
858	181400
859	86900
860	87600
861	65100
862	110300
863	71900
864	96600
865	64900
866	75800
867	71500
868	65800
869	73100
870	76700
871	81800
872	73000
873	69200
874	287200
875	1368000
876	104300
877	120600
878	415400
879	3681500
880	173800
881	76700
882	318400
883	74100
884	261400
885	77200
886	71600
887	93200
888	82400
889	71300
890	72000
891	153400
892	103200
893	78900
894	70100
895	71800
896	82100
897	70700
898	73800
899	72000
900	149400
901	79400
902	104200
903	73100
904	99900
905	74600
906	68800
907	68100
908	66400
909	78600
910	76400
911	82400
912	79900
913	236700
914	75500
915	211600
916	1326500
917	98600
918	341100
919	386300
920	319600
921	1688600
922	250900
923	160400
924	422200
925	99700
926	101800
927	112300
928	87200
929	88700
930	82500
931	191800
932	91800
933	83600
934	249100
935	89700
936	254400
937	1248800
938	118000
939	357100
940	116500
941	273800
942	107200
943	250200
944	986600
945	181600
946	204600
947	300900
948	811600
949	139200
950	216800
951	105500
952	338200
953	112800
954	100600
955	249900
956	213600
957	95400
958	181300
959	133300
960	124400
961	97600
962	111800
963	97800
964	95000
965	137800
966	103500
967	97400
968	193700
969	186100
970	270300
971	892100
972	97100
973	101500
974	286400
975	99900
976	102900
977	94400
978	93900
979	105800
980	219400
981	107900
982	90800
983	307200
984	99700
985	246900
986	1078100
987	106700
988	349100
989	3613900
990	490600
991	486600
992	273200
993	98200
994	130900
995	99500
996	96700
997	120600
998	95900
999	90900
1000	165500
1001	130400
1002	95200
1003	250300
1004	1145200
1005	90400
1006	147000
1007	268300
1008	80800
1009	76500
1010	168000
1011	83800
1012	75700
1013	155700
1014	81600
1015	71900
1016	76900
1017	147300
1018	77700
1019	79000
1020	70500
1021	102200
1022	86400
1023	107800
1024	73300
1025	87100
1026	73900
1027	73800
1028	199200
1029	80100
1030	74300
1031	250300
1032	740000
1033	97900
1034	475200
1035	133100
1036	441500
1037	446100
1038	3630800
1039	88300
1040	125700
1041	90000
1042	83800
1043	176800
1044	81500
1045	94000
1046	694200
1047	577700
1048	960100
1049	4184400
1050	129500
1051	160400
1052	88400
1053	144700
1054	84500
1055	96200
1056	83900
1057	73000
1058	82000
1059	212300
1060	108500
1061	71300
1062	124600
1063	85600
1064	70600
1065	76500
1066	117100
1067	107400
1068	152500
1069	84500
1070	75100
1071	76800
1072	73700
1073	84300
1074	78700
1075	70100
1076	67200
1077	94300
1078	73000
1079	240700
1080	1479400
1081	96300
1082	110900
1083	127000
1084	103300
1085	545100
1086	2980400
1087	144300
1088	272300
1089	93900
1090	122900
1091	78700
1092	83000
1093	173600
1094	92800
1095	82800
1096	79900
1097	245300
1098	84100
1099	104900
1100	114700
1101	83600
1102	85200
1103	93800
1104	129800
1105	78300
1106	73300
1107	84900
1108	129100
1109	83400
1110	85100
1111	143100
1112	108800
1113	80500
1114	76700
1115	142700
1116	111400
1117	90200
1118	83900
1119	175300
1120	113000
1121	76700
1122	98800
1123	208700
1124	293000
1125	696700
1126	342700
1127	348600
1128	327900
1129	312600
1130	176900
1131	309100
1132	103500
1133	109400
1134	104200
1135	413700
1136	174200
1137	105100
1138	538700
1139	1649200
1140	311500
1141	85100
1142	233900
1143	292200
1144	103500
1145	74600
1146	75100
1147	70800
1148	152400
1149	80400
1150	70700
1151	155100
1152	81200
1153	74400
1154	91800
1155	110600
1156	78100
1157	78400
1158	77000
1159	212400
1160	78800
1161	75400
1162	69700
1163	94100
1164	78700
1165	110100
1166	71300
1167	119700
1168	102500
1169	81700
1170	76200
1171	92300
1172	75300
1173	78400
1174	68700
1175	150100
1176	76100
1177	77500
1178	77600
1179	217700
1180	76900
1181	67400
1182	279300
1183	78800
1184	71300
1185	111300
1186	230600
1187	83000
1188	76600
1189	71900
1190	108000
1191	102700
1192	207200
1193	699800
1194	316600
1195	109900
1196	145700
1197	100500
1198	132600
1199	102900
1200	101100
1201	94900
1202	124100
1203	98300
1204	95200
1205	148000
1206	119400
1207	96400
1208	91800
1209	231000
1210	451300
1211	1112900
1212	100100
1213	116800
1214	177300
1215	116200
1216	77200
1217	97400
1218	86000
1219	87900
1220	86100
1221	242800
1222	87100
1223	86700
1224	79700
1225	96400
1226	96800
1227	80800
1228	79600
1229	138500
1230	82900
1231	93300
1232	87700
1233	247800
1234	88600
1235	80100
1236	81800
1237	96900
1238	493800
1239	84500
1240	80000
1241	119800
1242	152500
1243	84400
1244	80600
1245	251900
1246	102200
1247	86900
1248	129000
1249	453100
1250	739400
1251	131400
1252	278400
1253	300200
1254	99400
1255	93900
1256	109300
1257	102600
1258	104900
1259	103100
1260	126300
1261	312500
1262	5321900
1263	126500
1264	288100
1265	89200
1266	89700
1267	141500
1268	86700
1269	103800
1270	126600
1271	114000
1272	89700
1273	92200
1274	103300
1275	91900
1276	103100
1277	91500
1278	112800
1279	94500
1280	94300
1281	92000
1282	134000
1283	104500
1284	86000
1285	84500
1286	96900
1287	102900
1288	95400
1289	233200
1290	88900
1291	88300
1292	124800
1293	125200
1294	87500
1295	93900
1296	304800
1297	96200
1298	94500
1299	95500
1300	97100
1301	98500
1302	87600
1303	94600
1304	99800
1305	94000
1306	90700
1307	131100
1308	129500
1309	90000
1310	96400
1311	112300
1312	109200
1313	94600
1314	88000
1315	271900
1316	1609200
1317	205400
1318	118900
1319	129700
1320	138400
1321	109200
1322	201000
1323	101600
1324	93300
1325	94800
1326	128900
1327	94800
1328	118700
1329	97400
1330	147800
1331	109100
1332	260600
1333	20950700
1334	114900
1335	375800
1336	97000
1337	115500
1338	167100
1339	103400
1340	159700
1341	115700
1342	176200
1343	155400
1344	109300
1345	126700
1346	96800
1347	95400
1348	145600
1349	144500
1350	91900
1351	106100
1352	137300
1353	97000
1354	104500
1355	224200
1356	94700
1357	128700
1358	99200
1359	107600
1360	108500
1361	96600
1362	196000
1363	98800
1364	283700
1365	937000
1366	290200
1367	1125000
1368	111400
1369	168500
1370	89300
1371	76000
1372	252100
1373	71500
1374	64100
1375	217500
1376	171000
1377	79000
1378	67700
1379	256700
1380	68900
1381	76200
1382	66600
1383	80700
1384	84500
1385	67800
1386	68100
1387	79500
1388	70600
1389	67300
1390	92400
1391	77300
1392	74700
1393	91100
1394	233100
1395	73200
1396	74300
1397	78500
1398	92700
1399	85700
1400	78800
1401	220000
1402	76700
1403	135900
1404	68200
1405	306300
1406	98200
1407	71700
1408	78100
1409	258700
1410	2633800
1411	360800
1412	120700
1413	88900
1414	97400
1415	280400
1416	119300
1417	90700
1418	117800
1419	151100
1420	88700
1421	84200
1422	234200
1423	97900
1424	97100
1425	89800
1426	102700
1427	85900
1428	99600
1429	127600
1430	90600
1431	86500
1432	101200
1433	216600
1434	91300
1435	92600
1436	90100
1437	203800
1438	96500
1439	90500
1440	83700
1441	100600
1442	87500
1443	92300
1444	93000
1445	96100
1446	88100
1447	121000
1448	92900
1449	203800
1450	102000
1451	103900
1452	188200
1453	97100
1454	92100
1455	98900
1456	109800
1457	127200
1458	105600
1459	93200
1460	113000
1461	263000
1462	793200
1463	143000
1464	106100
1465	525600
1466	298000
1467	4835800
1468	110800
1469	91000
1470	122900
1471	295400
1472	87800
1473	96700
1474	131200
1475	105900
1476	163300
1477	96800
1478	83300
1479	82600
1480	117100
1481	144000
1482	97000
1483	187400
1484	107300
1485	87000
1486	112300
1487	98900
1488	88800
1489	96900
1490	88800
1491	156500
1492	90900
1493	84500
1494	85600
1495	111800
1496	107100
1497	82600
1498	105100
1499	267800
1500	425200
1501	312800
1502	152300
1503	119800
1504	113700
1505	124200
1506	318600
1507	98200
1508	100900
1509	190900
1510	100600
1511	93700
1512	93300
1513	284600
1514	94700
1515	116600
1516	93300
1517	182200
1518	95700
1519	97200
1520	96000
1521	111600
1522	101200
1523	91300
1524	92300
1525	136500
1526	96100
1527	129400
1528	267800
1529	1481900
1530	108500
1531	207500
1532	94900
1533	204700
1534	95600
1535	139600
1536	91100
1537	285200
1538	94900
1539	96000
1540	361700
1541	2470600
1542	369500
1543	109000
1544	1168600
1545	3373700
1546	92800
1547	186200
1548	95500
1549	82600
1550	96000
1551	98100
1552	83700
1553	79400
1554	216900
1555	105400
1556	81300
1557	83800
1558	181900
1559	87700
1560	79700
1561	86100
1562	102600
1563	94900
1564	96200
1565	215400
1566	96300
1567	82000
1568	102400
1569	287300
1570	91500
1571	91900
1572	83300
1573	110400
1574	178500
1575	90400
1576	94200
1577	83000
1578	192200
1579	88200
1580	93300
1581	250800
1582	614800
1583	109100
1584	95100
1585	134200
1586	178900
1587	96400
1588	189400
1589	138000
1590	96100
1591	102200
1592	247000
1593	117000
1594	99500
1595	152000
1596	97500
1597	98000
1598	95700
1599	104600
1600	325300
1601	12657000
1602	82000
1603	219600
1604	78000
1605	89300
1606	78000
1607	72600
1608	156100
1609	78700
1610	74000
1611	74600
1612	201200
1613	76900
1614	69900
1615	124400
1616	84500
1617	70800
1618	93300
1619	186900
1620	77700
1621	80100
1622	74000
1623	86300
1624	76900
1625	92300
1626	70400
1627	109100
1628	74000
1629	69400
1630	76300
1631	80500
1632	70100
1633	77500
1634	258900
1635	81900
1636	76400
1637	92700
1638	110100
1639	180300
1640	71300
1641	68400
1642	145800
1643	73600
1644	70900
1645	75000
1646	150800
1647	86400
1648	93200
1649	73500
1650	87300
1651	83800
1652	71400
1653	113700
1654	82900
1655	241500
1656	4306600
1657	177500
1658	275200
1659	126400
1660	368000
1661	98700
1662	104000
1663	372300
1664	2220200
1665	79600
1666	84500
1667	307900
1668	98100
1669	191200
1670	81700
1671	114900
1672	271500
1673	91700
1674	101000
1675	92700
1676	371800
1677	108200
1678	134500
1679	92900
1680	81000
1681	89600
1682	273800
1683	2747900
1684	115200
1685	95900
1686	262400
1687	108400
1688	107300
1689	119700
1690	109600
1691	94900
1692	93000
1693	312800
1694	142900
1695	99400
1696	202600
1697	98600
1698	103500
1699	108500
1700	105000
1701	97100
1702	99800
1703	96000
1704	102200
1705	101700
1706	104300
1707	96100
1708	114400
1709	98100
1710	105100
1711	111400
1712	101200
1713	245000
1714	4507800
1715	121800
1716	77000
1717	417600
1718	82800
1719	152900
1720	101700
1721	74400
1722	218200
1723	83700
1724	71500
1725	166800
1726	87900
1727	125200
1728	78800
1729	86400
1730	73700
1731	70700
1732	76200
1733	80300
1734	71500
1735	79300
1736	71200
1737	82600
1738	80000
1739	70900
1740	70600
1741	86900
1742	87800
1743	71600
1744	93100
1745	80800
1746	72400
1747	91300
1748	72200
1749	78600
1750	75500
1751	75700
1752	85000
1753	111400
1754	71200
1755	70600
1756	257100
1757	72500
1758	71900
1759	153900
1760	80400
1761	72700
1762	76600
1763	111900
1764	75700
1765	113800
1766	108400
1767	283400
1768	3911900
1769	406500
1770	239500
1771	7559600
1772	93600
1773	591000
1774	96800
1775	195200
1776	97000
1777	109800
1778	94900
1779	103400
1780	124100
1781	89000
1782	182100
1783	99900
1784	109100
1785	192900
1786	98700
1787	110700
1788	98600
1789	201600
1790	89200
1791	91000
1792	96200
1793	101500
1794	91700
1795	197100
1796	117500
1797	108200
1798	101100
1799	134400
1800	226900
1801	99600
1802	101000
1803	98100
1804	100700
1805	91000
1806	90100
1807	137900
1808	114800
1809	97200
1810	102300
1811	198300
1812	95900
1813	115800
1814	96100
1815	104300
1816	119900
1817	90400
1818	102600
1819	99900
1820	269600
1821	1432800
1822	281800
1823	109200
1824	99400
1825	95500
1826	339500
1827	146900
1828	94700
1829	150700
1830	99400
1831	95300
1832	340200
1833	1888900
1834	261400
1835	124500
1836	76400
1837	237900
1838	313500
1839	15990300
1840	118500
1841	141900
1842	105300
1843	293800
1844	14183200
1845	131600
1846	405300
1847	102500
1848	124200
1849	96100
1850	180000
1851	98400
1852	95800
1853	113700
1854	99200
1855	98700
1856	143100
1857	106300
1858	98300
1859	98500
1860	204100
1861	299400
1862	1356300
1863	213300
1864	293100
1865	111600
1866	99500
1867	118300
1868	196000
1869	207200
1870	279800
1871	105900
1872	95000
1873	272000
1874	428400
1875	289900
1876	73000
1877	229000
1878	73500
1879	86400
1880	67400
1881	138400
1882	74700
1883	124800
1884	122700
1885	74700
1886	68800
1887	67600
1888	151500
1889	78100
1890	82200
1891	69000
1892	341900
1893	77300
1894	209800
1895	70700
1896	84600
1897	73800
1898	69000
1899	73200
1900	140000
1901	74400
1902	82900
1903	76500
1904	78600
1905	69000
1906	76300
1907	137700
1908	83100
1909	76400
1910	83700
1911	301200
1912	1494900
1913	306300
1914	97500
1915	97300
1916	96900
1917	222800
1918	98400
1919	91000
1920	132800
1921	120600
1922	101400
1923	97600
1924	247100
1925	98800
1926	98500
1927	306800
1928	1180700
1929	99800
1930	249000
1931	214000
1932	70200
1933	188700
1934	442600
1935	71500
1936	63100
1937	262500
1938	72600
1939	72400
1940	138500
1941	86800
1942	82400
1943	71900
1944	76100
1945	85500
1946	69000
1947	489700
1948	1760600
1949	118600
1950	159300
1951	293500
1952	631800
1953	18957100
1954	85100
1955	153100
1956	82000
1957	73100
1958	76100
1959	154300
1960	90200
1961	78400
1962	95800
1963	82000
1964	79200
1965	77400
1966	136800
1967	78500
1968	73200
1969	75700
1970	80500
1971	69300
1972	88500
1973	177800
1974	80900
1975	76100
1976	75500
1977	168300
1978	80300
1979	78300
1980	75000
1981	119100
1982	78500
1983	99400
1984	72600
1985	106400
1986	94000
1987	83800
1988	378000
1989	86200
1990	75200
1991	78200
1992	90600
1993	77000
1994	86000
1995	74100
1996	114500
1997	74500
1998	70300
1999	71000
2000	125900
2001	72700
2002	219700
2003	2264600
2004	169800
2005	526100
2006	7035600
2007	332000
2008	107600
2009	160900
2010	82400
2011	114100
2012	193000
2013	98100
2014	82900
2015	96800
2016	170900
2017	88100
2018	89400
2019	85000
2020	252800
2021	87900
2022	81000
2023	86800
2024	96900
2025	90600
2026	105000
2027	97600
2028	96900
2029	86300
2030	82100
2031	81400
2032	81700
2033	92700
2034	82600
2035	187000
2036	86500
2037	104900
2038	85700
2039	89800
2040	88600
2041	92800
2042	93300
2043	88700
2044	353500
2045	96200
2046	83700
2047	90200
2048	273100
2049	304700
2050	260100
2051	98100
2052	106200
2053	88700
2054	297000
2055	93900
2056	120400
2057	242400
2058	1655500
2059	122400
2060	206700
2061	96100
2062	129400
2063	129900
2064	96800
2065	98000
2066	107700
2067	96200
2068	110600
2069	198600
2070	140500
2071	97700
2072	99300
2073	124400
2074	94600
2075	101300
2076	97700
2077	106400
2078	98800
2079	132100
2080	568500
2081	1767300
2082	193600
2083	299700
2084	170800
2085	90600
2086	82100
2087	91000
2088	161900
2089	97600
2090	90100
2091	107100
2092	85800
2093	94400
2094	82600
2095	112400
2096	88200
2097	82100
2098	252900
2099	91800
2100	89500
2101	84500
2102	201300
2103	83900
2104	81900
2105	89700
2106	93000
2107	83800
2108	96300
2109	89000
2110	90700
2111	87500
2112	255700
2113	974300
2114	119300
2115	108500
2116	99400
2117	178600
2118	116300
2119	105500
2120	105100
2121	131500
2122	98600
2123	247100
2124	2319600
2125	100000
2126	651200
2127	176200
2128	122700
2129	92200
2130	176900
2131	110900
2132	97700
2133	302500
2134	1216500
2135	107900
2136	232600
2137	98300
2138	230300
2139	101600
2140	103700
2141	99600
2142	114600
2143	98400
2144	111400
2145	145200
2146	284600
2147	4032300
2148	159700
2149	102100
2150	105000
2151	105100
2152	252300
2153	96700
2154	85600
2155	173900
2156	93600
2157	88100
2158	97700
2159	158600
2160	93000
2161	95200
2162	118500
2163	99800
2164	92700
2165	115800
2166	117800
2167	117000
2168	96400
2169	95100
2170	99900
2171	89100
2172	98900
2173	134700
2174	97100
2175	89400
2176	120700
2177	251800
2178	94700
2179	95700
2180	90100
2181	99800
2182	119100
2183	291900
2184	7675800
2185	103600
2186	117600
2187	100000
2188	106600
2189	99000
2190	142600
2191	291200
2192	100600
2193	95300
2194	257100
2195	104400
2196	95400
2197	106800
2198	203500
2199	270400
2200	14216000
2201	292700
2202	72400
2203	196900
2204	71800
2205	68700
2206	91600
2207	73200
2208	70800
2209	80900
2210	291000
2211	73100
2212	86800
2213	68900
2214	85600
2215	74800
2216	78600
2217	174800
2218	84200
2219	72100
2220	83800
2221	181100
2222	75000
2223	70500
2224	73600
2225	79600
2226	67900
2227	74600
2228	386000
2229	1176700
2230	153100
2231	168800
2232	214000
2233	189500
2234	131700
2235	314400
2236	194900
2237	75600
2238	101800
2239	248700
2240	1229600
2241	186300
2242	270700
2243	316000
2244	39823400
2245	240100
2246	85700
2247	75600
2248	179100
2249	82700
2250	105500
2251	77100
2252	248600
2253	77400
2254	72100
2255	95800
2256	84800
2257	77300
2258	73200
2259	109100
2260	81900
2261	71400
2262	74800
2263	205900
2264	83100
2265	75000
2266	70800
2267	72500
2268	95400
2269	80100
2270	76100
2271	74600
2272	130400
2273	82100
2274	83300
2275	249500
2276	84400
2277	77800
2278	130900
2279	90300
2280	80900
2281	79700
2282	75100
2283	214200
2284	102600
2285	75600
2286	71400
2287	83600
2288	82500
2289	78300
2290	191200
2291	135000
2292	89500
2293	83000
2294	89900
2295	267400
2296	8190600
2297	114500
2298	1028100
2299	10193400
2300	95400
2301	166800
2302	317600
2303	94000
2304	155200
2305	110300
2306	100100
2307	173400
2308	138000
2309	109600
2310	95800
2311	193300
2312	102500
2313	136000
2314	122000
2315	139900
2316	290000
2317	10116300
2318	102700
2319	560400
2320	3814300
2321	87000
2322	190000
2323	233400
2324	107800
2325	193300
2326	144200
2327	141100
2328	83000
2329	265900
2330	85800
2331	86500
2332	184800
2333	250600
2334	2901438900
2335	306000
2336	106300
2337	100200
2338	85700
2339	154700
2340	109900
2341	127800
2342	84200
2343	215100
2344	84700
2345	94200
2346	94100
2347	86400
2348	78700
2349	81600
2350	89900
2351	126800
2352	86100
2353	204000
2354	85600
2355	79500
2356	88900
2357	93900
2358	83800
2359	86500
2360	81400
2361	90300
2362	90200
2363	103500
2364	84600
2365	102000
2366	82300
2367	115600
2368	186400
2369	85100
2370	81300
2371	89800
2372	104300
2373	83700
2374	96400
2375	77700
2376	92200
2377	90000
2378	82500
2379	185900
2380	106700
2381	86100
2382	83800
2383	99200
2384	83300
2385	77000
2386	84200
2387	87500
2388	85100
2389	108800
